00 FF FF FF FF FF FF 00 0E 77 0F 15 00 56 00 00
00 21 01 04 A5 22 13 78 03 ED F5 A3 55 4C 9C 26
0D 50 54 00 00 00 01 01 01 01 01 01 01 01 01 01
01 01 01 01 01 01 8D 38 80 A0 70 38 50 40 30 20
36 00 58 C1 10 00 00 18 00 00 00 FD 00 30 90 A7
A7 23 01 0A 20 20 20 20 20 20 00 00 00 FE 00 43
53 4F 54 20 54 33 0A 20 20 20 20 20 00 00 00 FE
00 4D 4E 46 36 30 31 42 41 31 2D 34 0A 20 01 C8
70 20 79 02 00 22 00 14 39 4D 05 85 7F 07 9F 00
2F 00 1F 00 37 04 4F 00 02 00 05 00 2B 00 0C 27
00 30 3B 00 00 27 00 3C 8F 00 00 81 00 13 72 1A
00 00 03 01 30 90 00 04 00 00 00 00 90 00 60 AE
0A 00 00 00 00 00 00 00 00 00 00 00 00 00 00 00
00 00 00 00 00 00 00 00 00 00 00 00 00 00 00 00
00 00 00 00 00 00 00 00 00 00 00 00 00 00 00 00
00 00 00 00 00 00 00 00 00 00 00 00 00 00 D0 90